38,63,6
54,40,11
89,92,10
70,19,5
16,71,5
29,53,10
37,28,11
41,48,2
86,15,3
17,54,11
51,80,3
49,39,6
42,74,11
99,75,10
96,0,12
1,26,10
16,30,5
75,73,12
27,51,6
32,40,2
36,23,10
45,46,10
89,84,5
81,92,6
38,65,11
23,67,3
73,60,7
64,36,11
28,75,6
48,42,8
97,80,4
91,48,6
99,81,3
51,79,10
0,49,4
70,58,12
46,22,12
69,15,2
60,76,2
39,93,12
24,76,10
80,24,11
70,56,5
31,26,12
87,58,11
60,44,8
70,27,5
42,8,3
51,36,5
9,50,4
96,72,4
46,71,10
50,79,6
14,0,8
98,30,11
21,29,2
24,59,2
89,36,12
84,40,6
48,75,7
76,95,2
87,35,10
71,24,11
47,90,10
78,30,3
6,17,9
29,91,2
97,78,8
3,90,10
29,98,10
55,91,9
54,23,9
64,77,2
20,74,10
96,19,12
29,84,7
5,79,10
34,53,4
40,83,2
55,7,11
96,7,9
25,30,2
25,49,7
41,99,7
41,98,5
48,83,5
42,2,4
40,64,12
47,9,3
35,71,7
35,21,8
2,9,9
88,91,6
54,36,9
26,77,5
39,30,4
94,9,11
