495,316,18
160,435,23
98,68,8
413,447,26
442,294,12
322,449,18
382,182,29
305,122,23
435,40,21
215,6,32
355,226,4
305,7,12
279,172,18
172,280,41
479,435,50
113,343,28
367,233,32
53,301,7
295,498,49
132,22,10
134,375,17
353,55,40
365,116,45
387,210,13
274,322,30
10,206,27
422,62,31
425,135,48
179,142,12
464,338,25
470,2,2
297,388,33
399,482,19
103,390,28
403,36,6
442,197,25
184,465,32
165,453,50
415,377,27
50,153,4
312,135,42
41,401,30
226,182,15
42,48,45
91,148,2
319,100,36
437,320,32
201,408,21
132,169,38
308,261,10
375,433,8
447,452,5
120,61,22
248,337,6
20,450,25
489,402,44
227,448,7
68,42,48
294,178,8
187,352,28
287,400,48
172,448,42
165,440,49
486,487,36
147,122,44
220,369,43
245,206,5
419,491,5
310,383,28
352,408,29
433,420,35
163,200,25
464,268,50
26,164,31
125,232,10
389,6,25
292,338,13
298,363,48
0,268,26
324,18,18
81,114,32
349,171,41
81,265,30
447,117,22
234,300,14
400,261,44
271,202,4
98,232,6
400,154,41
86,196,32
323,132,37
1,22,35
245,273,32
138,468,16
196,212,21
277,293,48
417,47,49
123,298,33
370,412,42
207,428,5
467,443,10
178,46,8
345,243,40
473,61,24
402,287,15
35,488,31
99,442,15
86,382,40
486,117,12
290,137,41
395,468,48
393,164,24
280,362,32
227,352,46
464,201,25
457,468,13
332,54,13
179,208,50
119,474,26
235,393,8
97,237,26
234,226,30
164,67,15
158,384,38
268,266,43
285,183,40
386,140,48
466,90,2
267,354,44
151,387,5
405,26,12
149,125,5
3,73,10
392,272,13
438,208,46
427,270,4
57,183,20
418,472,30
424,228,23
369,477,22
90,424,23
419,428,9
335,277,7
107,223,12
142,450,20
143,307,16
335,377,10
216,373,21
273,494,43
222,83,18
418,34,19
326,270,27
351,291,2
453,81,9
492,57,42
347,146,50
48,403,44
419,477,7
489,273,35
263,462,49
241,449,14
101,439,41
443,331,15
122,143,3
434,171,8
365,427,4
492,185,10
288,1,4
210,200,45
168,288,31
37,190,15
264,265,20
234,299,42
181,428,7
426,248,43
55,417,19
356,218,39
65,358,13
458,140,44
365,11,50
275,498,41
402,127,48
296,367,42
1,230,6
145,25,13
271,233,48
330,393,25
90,192,22
381,477,48
177,266,23
492,212,8
370,389,10
195,104,50
224,344,24
481,275,25
317,103,29
357,310,6
289,499,30
100,387,10
379,29,14
295,91,38
413,93,29
386,184,2
68,440,36
426,35,13
155,397,23
498,140,43
300,377,30
430,51,29
179,263,14
355,348,40
17,438,10
488,98,33
3,182,29
95,170,14
170,461,7
6,193,2
87,31,12
219,7,12
217,423,17
460,6,25
425,306,45
154,126,47
13,196,25
119,202,33
296,255,43
250,93,16
444,377,27
22,410,8
140,481,22
445,331,19
477,171,43
16,155,42
467,62,48
124,468,32
110,311,2
480,387,18
324,191,16
433,211,18
43,295,27
395,481,35
118,453,37
249,447,27
62,228,4
499,368,20
122,32,20
248,88,8
59,403,37
207,237,12
167,17,36
52,19,12
356,273,46
131,67,45
296,247,16
148,107,32
281,456,4
141,197,49
345,251,8
107,262,5
200,365,31
211,327,19
28,459,11
460,91,21
337,394,45
297,498,44
184,160,30
307,160,45
397,78,8
448,451,41
108,242,22
250,67,2
431,10,13
334,439,10
491,92,41
208,151,45
324,232,39
365,89,4
452,234,33
375,47,43
494,135,22
238,354,8
125,147,43
293,141,27
223,433,28
251,184,28
437,129,10
422,206,12
384,248,17
90,110,29
456,111,49
8,89,27
53,446,29
111,422,24
189,39,10
100,193,32
47,311,14
179,429,41
167,427,31
287,64,44
98,488,2
226,418,9
212,251,16
188,222,26
298,40,20
198,471,21
221,403,27
375,204,6
173,371,20
45,43,23
310,419,19
270,424,49
377,66,34
324,345,41
56,48,37
169,214,26
21,356,23
236,346,35
466,488,23
314,436,17
461,79,48
206,478,20
325,328,21
336,464,32
75,146,26
445,41,5
184,238,32
361,320,36
119,50,32
320,328,42
165,386,35
478,203,24
295,226,46
38,75,34
421,489,23
343,67,44
37,29,29
308,236,46
299,242,37
317,333,43
7,208,50
69,162,20
82,237,14
410,63,3
234,362,25
129,438,42
216,446,12
199,78,8
221,229,37
31,492,25
480,457,30
275,188,48
346,470,28
407,368,12
339,438,9
367,230,9
94,118,46
439,454,5
179,451,23
27,334,16
205,203,24
130,170,29
63,197,31
267,429,34
383,312,26
16,242,4
487,247,31
337,270,47
239,399,24
147,311,44
126,178,45
53,223,26
26,93,47
70,485,37
230,98,35
272,192,40
267,400,36
339,255,34
232,262,26
384,477,47
233,321,50
243,254,21
51,445,13
0,499,7
237,447,33
449,214,23
292,312,37
418,162,3
483,223,48
427,124,23
267,416,47
233,327,17
289,243,31
200,470,35
126,194,6
179,251,36
100,15,29
1,67,16
6,126,36
46,169,17
34,448,40
368,188,48
499,355,48
264,11,24
344,413,20
48,5,12
392,101,3
430,377,17
463,31,21
46,87,27
391,268,6
67,367,46
231,311,50
145,24,28
361,350,17
495,309,24
352,260,28
390,153,22
80,393,27
402,147,29
27,82,19
346,295,12
416,423,36
288,327,33
12,162,26
1,387,19
299,232,26
217,173,8
388,212,37
188,333,50
255,348,34
130,364,16
380,401,19
200,130,18
438,354,5
209,85,19
156,164,19
104,460,3
225,32,39
130,248,13
488,266,18
290,132,46
13,277,15
434,411,5
378,126,49
427,59,33
361,97,9
212,259,12
442,317,49
59,168,17
79,327,43
169,60,5
13,71,9
491,91,15
376,383,44
182,441,50
165,442,3
346,403,17
300,270,34
354,301,33
182,431,12
54,414,49
72,7,48
144,101,2
64,410,31
268,498,8
395,263,49
52,8,33
455,413,47
102,104,24
227,100,33
150,445,16
147,232,5
195,370,34
118,322,35
409,456,33
371,21,30
164,330,3
76,387,28
98,101,23
20,334,32
431,156,37
8,358,4
453,253,34
48,67,30
90,348,37
498,452,44
465,203,47
69,87,9
27,435,37
436,204,36
460,67,6
260,400,15
