223,164,56
377,117,90
246,252,73
80,217,30
123,173,51
290,337,89
65,200,80
33,136,35
382,331,87
115,119,61
333,352,29
238,152,11
67,51,17
150,349,69
192,36,86
3,8,43
150,373,87
246,320,13
356,122,88
6,221,33
285,202,16
194,8,15
100,239,16
90,147,65
40,52,87
321,279,8
316,132,28
318,241,4
340,356,82
116,306,7
268,17,83
351,48,68
131,139,24
195,345,81
186,94,59
74,75,56
256,168,11
266,397,88
329,133,49
210,160,47
63,325,89
387,325,33
94,281,88
54,251,57
374,101,27
36,277,17
118,175,14
152,6,45
95,133,74
317,28,37
256,338,51
297,62,9
220,44,69
138,11,52
171,9,65
29,170,30
231,393,4
132,298,23
136,239,14
358,62,4
250,338,43
306,129,62
24,92,48
189,125,73
176,9,28
164,174,58
270,2,29
331,282,64
346,111,22
124,399,70
109,8,53
244,154,17
132,139,32
176,77,31
139,158,61
291,162,72
221,349,87
396,196,51
366,205,46
381,297,26
248,66,67
212,75,23
67,125,25
256,352,42
100,31,45
186,126,75
185,313,83
209,130,35
128,50,13
251,18,89
38,352,21
90,120,84
268,51,79
4,78,22
321,40,23
104,319,18
10,84,62
65,367,20
151,186,90
382,273,75
175,181,81
351,326,23
50,312,82
351,269,34
238,110,62
175,329,41
293,36,87
299,264,42
124,201,63
182,166,40
58,140,63
185,11,62
302,115,78
149,223,63
284,106,36
76,145,55
192,78,88
302,32,15
41,397,34
365,195,36
45,219,75
89,300,46
245,30,57
190,53,38
197,153,14
208,219,70
119,11,34
284,223,86
49,116,19
287,224,68
171,216,77
381,269,54
179,162,88
322,341,81
315,333,88
286,80,82
220,15,16
279,22,35
163,212,70
90,395,30
195,398,89
315,290,34
350,148,85
88,72,76
284,24,59
289,160,10
261,258,78
99,251,30
203,271,13
22,253,34
227,87,9
3,260,26
76,320,47
293,39,28
67,50,67
257,346,70
303,368,31
181,38,8
244,228,87
283,189,65
237,29,77
75,343,33
395,103,36
366,113,47
311,106,9
380,382,26
229,75,15
17,107,73
386,306,54
365,3,43
7,268,23
344,130,70
18,55,48
385,153,24
12,292,35
384,225,48
178,232,38
46,256,12
268,39,66
223,399,5
284,396,33
136,67,17
150,243,16
262,388,6
360,97,79
84,348,37
227,244,15
201,268,57
182,91,69
161,38,74
168,64,45
205,119,74
313,325,35
294,174,28
105,224,25
41,274,62
284,218,62
288,86,81
27,242,74
132,316,57
234,215,78
347,153,34
182,149,61
62,111,19
204,70,69
238,226,88
332,136,42
214,356,43
142,324,37
40,0,5
89,171,50
117,250,38
395,262,80
117,102,6
216,126,87
269,141,53
340,364,46
66,108,32
54,242,18
27,119,87
308,290,33
287,148,77
362,287,7
82,5,33
71,392,19
287,32,75
244,166,25
210,266,19
65,72,14
78,169,21
152,55,39
256,194,81
207,176,56
312,44,33
29,342,71
167,105,37
307,171,55
267,356,12
76,23,21
310,147,35
163,93,57
67,290,48
219,231,76
259,356,77
363,116,15
2,344,19
164,15,77
302,179,38
184,33,60
226,224,69
398,222,22
87,72,7
153,311,4
236,110,9
30,350,8
97,161,89
378,88,9
119,59,5
359,93,67
46,347,27
311,189,7
260,32,16
91,236,76
33,159,57
384,137,38
12,320,4
362,246,32
262,274,86
274,45,7
67,68,34
397,214,8
242,21,4
253,390,69
162,264,72
87,120,62
333,128,18
151,194,17
165,393,41
16,85,38
355,24,77
346,94,30
116,244,64
9,353,56
99,226,82
296,106,53
368,346,23
199,135,22
23,95,5
370,307,40
169,95,64
23,279,76
258,192,22
120,215,82
132,291,33
352,302,7
366,285,84
2,208,70
321,202,38
251,100,77
156,111,75
13,270,71
338,101,34
29,76,73
150,198,19
333,91,17
158,19,72
369,38,34
88,276,58
273,10,40
95,152,30
291,58,36
227,211,40
46,247,31
310,193,28
309,188,24
262,392,85
32,248,64
300,80,4
259,301,56
151,313,14
314,371,14
180,8,8
47,102,20
394,233,20
292,289,81
79,214,82
149,364,56
82,35,69
189,307,15
364,234,24
137,308,45
252,306,15
68,240,5
241,339,17
396,339,50
142,269,79
317,323,61
41,381,43
228,50,24
348,335,9
355,207,66
322,103,31
60,61,90
37,123,90
74,352,33
385,213,53
345,297,25
127,340,84
37,172,26
131,284,61
343,77,64
127,317,79
187,55,73
76,315,11
143,193,66
43,344,26
194,248,62
363,265,24
357,93,63
344,176,10
296,286,88
87,77,74
194,123,26
122,75,9
353,231,60
200,33,51
124,277,84
21,18,85
67,337,46
17,45,4
325,167,79
72,267,61
72,296,83
256,213,46
371,219,41
213,134,12
113,108,58
253,309,47
6,111,42
268,188,81
