209,283,16
79,298,12
222,160,12
146,123,3
189,129,12
195,33,18
187,38,12
236,195,11
275,258,18
278,100,12
188,296,17
162,297,5
142,162,19
164,188,18
19,144,13
63,203,6
160,172,3
249,241,8
123,223,9
197,203,4
282,236,3
249,203,9
23,217,18
284,9,18
136,137,17
94,118,8
108,243,15
118,40,16
92,181,12
42,197,19
296,14,16
89,33,16
105,259,5
33,252,9
228,261,14
180,283,4
191,258,15
222,225,9
250,279,15
70,175,6
229,291,5
283,41,20
211,90,11
183,279,13
239,61,18
213,86,14
244,64,14
262,168,19
43,133,12
296,282,14
32,223,17
255,244,15
142,29,17
89,177,9
19,78,6
114,200,16
36,64,8
192,136,11
147,150,11
111,29,20
86,41,11
75,61,9
128,106,9
232,230,3
198,142,18
85,2,3
76,229,6
108,159,7
7,226,3
235,290,13
60,168,9
119,181,16
263,297,6
30,270,4
70,224,13
55,42,4
241,219,19
164,274,19
144,217,16
75,262,8
130,274,12
246,273,14
242,154,3
201,196,4
275,196,13
66,170,3
63,109,8
152,182,16
39,144,18
102,27,8
105,11,7
126,271,15
97,98,14
251,59,16
203,112,20
98,237,12
201,27,9
159,221,14
125,214,13
12,186,4
287,85,20
268,183,9
158,139,12
159,270,12
3,123,9
292,164,9
184,190,15
274,294,18
237,256,20
112,97,8
289,207,12
276,229,11
269,125,15
193,196,20
71,249,9
151,238,4
32,290,16
181,167,6
247,76,5
266,208,14
140,165,17
237,298,8
164,222,18
217,177,8
192,178,20
278,118,11
274,217,14
294,199,8
93,211,15
49,213,8
201,265,4
186,99,14
214,22,13
2,219,14
80,65,16
142,130,17
82,275,20
34,180,15
250,113,7
8,69,4
159,201,9
220,120,12
244,12,6
244,123,6
241,71,11
156,160,19
65,126,4
119,219,20
296,12,18
61,97,5
98,126,4
113,188,7
179,161,4
106,8,7
146,165,4
89,159,16
97,175,18
108,165,20
109,111,14
93,115,5
61,123,4
150,198,16
82,241,13
123,281,7
132,146,3
279,255,10
248,116,14
145,182,3
224,264,8
51,195,4
136,196,15
130,71,4
55,253,14
200,78,15
277,46,10
165,219,8
278,36,12
33,217,17
152,148,4
243,167,17
127,120,17
215,82,14
132,268,14
34,159,18
116,142,3
6,286,11
141,237,8
251,70,12
43,113,20
208,112,4
36,41,10
114,190,8
88,113,13
77,223,10
21,146,11
120,23,15
82,0,12
1,171,7
0,171,20
74,134,11
277,114,8
135,172,9
178,211,10
83,41,19
206,172,4
98,145,14
119,85,17
215,239,6
255,225,8
66,83,6
44,61,6
283,110,20
45,148,10
140,204,8
44,142,6
49,9,18
19,292,15
195,63,6
52,71,4
225,159,12
107,59,13
105,295,5
261,11,7
77,182,19
32,10,13
47,155,20
139,239,14
34,191,7
293,34,13
81,23,9
69,175,12
131,160,7
269,18,7
223,156,19
244,135,12
147,179,6
173,19,14
236,132,19
243,179,4
136,273,20
285,14,8
210,200,16
28,77,17
270,297,18
151,49,5
90,165,10
32,175,8
187,274,18
66,68,19
50,24,14
74,292,6
37,92,16
59,5,6
132,134,13
275,204,18
188,146,7
186,136,16
273,55,12
33,101,10
29,111,20
197,165,15
199,198,12
198,284,10
97,8,11
41,224,11
155,76,12
190,116,7
41,39,3
83,133,3
180,77,8
