91,35,8
66,121,7
52,96,9
70,146,11
185,142,10
9,193,10
193,0,11
168,89,9
127,72,3
125,94,5
60,110,4
118,6,10
189,54,2
61,166,10
106,38,9
89,125,6
55,160,9
12,86,2
95,41,8
6,111,10
196,57,9
143,73,10
136,188,2
133,194,3
68,23,12
173,117,2
9,33,4
125,191,7
169,94,6
21,93,9
73,189,11
149,131,6
180,137,12
194,107,2
168,45,10
60,14,10
74,6,7
7,97,4
72,128,4
8,162,6
187,199,6
134,49,6
154,65,6
131,7,3
45,186,2
60,100,3
77,96,4
13,136,6
180,71,10
43,85,3
172,23,11
19,180,3
56,65,7
86,126,4
110,187,9
41,104,8
72,20,6
147,33,9
197,83,3
72,169,3
95,178,4
49,151,12
91,108,11
8,158,5
136,147,12
8,68,12
170,94,9
39,134,8
146,141,5
94,133,9
193,129,11
31,121,3
60,124,11
105,52,3
184,140,7
99,193,6
192,171,7
172,62,4
85,146,8
135,97,6
154,85,4
78,94,3
129,189,9
123,179,10
53,129,3
122,125,2
155,102,6
2,198,4
70,12,11
95,154,11
20,22,3
131,125,3
111,109,3
52,125,5
34,69,4
182,65,4
18,110,10
36,6,12
49,159,12
50,111,7
142,165,7
197,160,8
97,116,12
22,168,4
196,39,6
17,5,2
64,163,9
75,35,11
121,86,9
128,58,7
59,35,9
147,47,11
147,37,4
14,133,8
199,11,3
195,171,2
169,159,2
67,71,5
75,132,12
111,80,8
5,23,6
10,144,9
41,120,7
189,197,6
198,44,5
176,166,9
40,106,5
172,171,4
13,194,9
18,196,3
186,68,6
122,75,9
137,154,10
188,102,6
87,38,3
158,80,12
1,183,3
81,102,10
45,193,3
27,182,7
45,185,7
24,189,11
131,102,12
110,6,9
136,126,3
121,55,7
15,139,11
194,25,3
18,37,10
117,17,2
45,68,10
4,143,11
25,128,5
117,86,6
191,80,8
149,182,6
7,147,8
134,92,8
190,36,3
65,66,11
101,26,4
164,36,3
59,79,2
148,131,5
125,148,10
21,31,8
40,170,11
85,131,9
132,194,9
153,152,7
196,109,4
11,103,8
55,30,6
80,22,8
142,32,8
143,105,12
80,120,3
75,53,11
167,64,4
142,181,8
30,80,3
111,161,7
156,170,9
75,48,6
76,35,12
184,138,6
57,90,12
105,1,8
